10 1
1
6 10 7 4 1 5 3 2 8 9 
100 1
1
51 8 46 87 35 26 76 11 85 54 37 83 4 71 91 14 44 53 16 49 97 48 60 81 99 31 21 66 28 88 18 36 84 33 75 82 57 30 80 20 17 90 50 27 92 77 7 72 41 29 1 15 79 95 12 64 100 45 40 2 24 63 23 96 62 25 74 61 78 22 9 94 10 34 93 43 19 59 86 13 32 38 98 73 5 42 67 56 6 39 47 70 89 68 55 3 52 69 65 58 
1000 1
1
615 323 1000 791 165 184 677 820 476 755 477 352 204 745 970 527 343 520 472 459 331 234 27 212 928 371 902 429 976 508 317 966 185 608 674 618 753 540 458 285 723 684 843 461 265 239 855 901 309 764 622 717 26 119 468 310 322 408 75 598 518 188 597 194 384 544 545 353 563 487 689 557 144 190 491 884 958 102 653 558 692 657 678 759 373 456 460 181 578 682 846 8 788 300 857 776 463 437 136 980 879 494 393 778 626 417 673 160 392 428 659 524 521 720 321 409 178 927 944 47 103 404 683 62 512 656 248 890 425 363 581 412 676 158 978 469 875 651 701 730 423 962 655 860 664 143 211 337 718 436 17 40 263 669 660 577 314 35 945 278 728 282 120 140 760 865 993 430 601 122 772 238 737 480 952 161 366 821 647 54 996 661 107 93 602 957 804 149 242 290 832 162 182 370 762 707 106 381 786 2 625 658 270 375 272 36 304 481 665 332 279 98 226 6 159 390 485 911 706 295 624 301 633 877 528 157 291 389 372 811 949 268 867 421 341 227 426 493 303 790 530 299 722 853 663 1 118 192 100 105 648 795 769 501 115 537 222 225 878 593 170 906 69 420 484 250 827 904 763 729 649 286 342 887 318 981 41 562 603 414 964 53 9 628 549 935 241 992 900 650 345 815 576 362 28 216 509 932 283 209 897 775 868 91 219 941 635 550 475 406 534 972 201 348 936 288 415 756 526 580 516 552 805 943 586 870 938 203 955 33 600 386 696 711 919 519 97 895 914 946 197 738 133 166 48 486 734 457 667 357 464 571 281 613 269 500 195 828 478 710 535 592 5 610 977 462 731 424 556 349 702 259 256 12 213 246 483 422 66 123 419 169 533 51 985 416 903 82 724 575 869 139 751 885 382 968 604 840 474 768 260 574 496 525 974 782 979 848 207 831 63 554 888 153 380 18 806 11 454 127 74 826 990 156 443 758 536 128 619 327 411 202 569 377 293 517 761 308 251 294 852 746 984 449 444 926 325 132 465 338 245 109 400 287 749 452 473 403 378 766 172 835 76 10 439 307 57 368 257 346 889 80 845 792 326 862 347 851 551 634 32 59 255 489 961 16 742 858 244 998 383 215 881 446 274 374 740 989 954 986 7 987 394 837 141 797 150 643 183 930 196 654 956 77 844 834 630 883 433 397 21 893 991 214 175 217 125 748 61 694 929 757 947 418 594 505 770 138 31 336 699 344 967 359 973 752 909 189 553 668 800 688 632 999 434 814 939 266 513 546 264 750 617 151 637 803 448 685 662 385 95 451 572 330 922 447 135 108 995 129 864 708 697 892 85 735 23 765 969 629 716 284 982 515 83 822 896 56 813 671 916 994 873 940 548 931 111 568 825 154 388 252 582 306 79 798 714 829 254 152 292 983 236 200 567 72 506 636 43 818 45 907 965 899 847 367 693 816 276 271 590 959 529 872 631 589 596 801 302 642 146 240 566 339 220 498 261 312 193 174 233 237 224 908 950 96 319 747 784 479 365 427 432 37 561 670 612 176 94 732 882 754 971 84 595 823 880 78 585 891 871 335 355 799 232 495 34 68 198 850 13 555 110 810 173 124 953 680 502 565 606 921 504 52 639 262 235 646 354 3 145 396 401 616 942 579 934 117 787 836 560 721 87 67 358 187 833 910 467 440 218 29 450 71 739 155 387 838 621 258 876 543 894 90 920 915 163 627 794 511 205 960 168 334 65 361 886 819 538 438 937 328 316 588 435 499 296 859 611 313 997 713 305 839 364 247 39 644 15 951 623 231 249 455 298 913 177 253 55 42 830 311 99 849 104 81 672 210 191 898 856 584 824 532 652 933 86 340 741 503 607 25 773 89 918 351 208 60 137 453 948 350 620 507 767 121 379 407 744 605 963 719 874 522 441 726 333 863 329 230 101 492 781 19 779 808 614 320 691 70 114 640 812 398 180 488 395 704 510 275 573 64 866 975 273 783 666 645 793 134 925 113 539 917 514 841 38 315 715 817 599 771 410 988 686 142 402 413 559 431 541 777 14 399 923 789 179 531 289 206 221 905 679 687 785 46 733 280 228 49 490 690 267 223 583 712 842 591 171 736 698 164 58 497 44 356 780 609 360 243 727 22 24 88 681 186 324 167 471 912 199 523 807 466 705 641 542 50 675 73 587 743 470 482 112 20 638 405 861 774 924 147 796 391 30 126 130 725 131 809 547 570 92 700 445 695 116 148 802 703 277 854 709 4 297 369 564 442 376 229 
10000 1
1
7852 4387 3631 1870 3165 1970 9921 9152 3727 2525 1274 1983 3648 410 1528 7938 8125 8540 1180 3887 7350 6471 9305 7419 4676 4782 8243 9400 5838 2357 8338 7301 6877 8678 2068 7849 8086 5556 4513 2558 5984 711 4842 9852 9017 3440 7367 8362 3928 1317 412 2859 2445 2194 475 7923 2125 8285 2904 4443 321 4613 9551 6969 6280 9246 3136 1598 9342 9586 1980 1749 7100 1083 3460 8497 1038 8784 2188 8244 6042 143 6631 7591 9316 28 1784 5909 9039 723 5976 2932 147 7250 1068 1322 2007 5690 6430 1997 2143 4486 7205 6947 4571 1184 2332 2239 5039 9904 4228 1936 7399 5262 4561 9545 7403 8434 1739 4312 1049 1877 8623 1350 9487 8680 7391 417 9887 997 5357 8616 3439 1726 9577 8193 674 7003 2787 8447 9494 7807 2634 5384 6257 8990 7489 5665 1787 5908 9031 6899 8934 3472 1423 4316 623 3063 5376 9846 6378 7281 7939 7023 2784 7366 8553 339 3510 7477 7937 288 1428 3739 655 6401 2713 2003 635 803 4194 795 6354 1457 4290 1478 6189 1668 5396 4568 1756 1743 9381 4105 8368 5365 8720 6030 3757 9183 7138 2192 2230 1431 4823 7006 8510 8721 4258 5148 432 6493 821 2551 7743 9288 9178 3766 8974 4574 7509 1013 1315 8554 6576 8345 4829 8092 5915 9797 6163 6684 4548 6731 6238 1794 9382 9893 8325 2393 5833 8090 2137 6637 1953 2841 4553 7870 2535 5590 7440 4296 5008 6979 1222 373 878 386 9672 352 9129 1811 3574 8662 2662 7847 6835 8031 1129 3486 3181 1605 230 9890 491 3230 7565 7910 8382 158 9425 4497 426 7283 8987 6037 6039 4664 7892 5249 103 4614 7007 9441 3650 5238 9291 2459 4331 3955 4748 9500 4457 3317 4702 431 7901 6213 3677 8702 7142 4446 808 8454 6822 831 4225 2907 7927 6828 8560 9088 784 1154 1764 6275 3959 8438 5234 9080 9765 4483 510 7772 9457 5026 6011 6181 5625 3505 517 8448 7789 7817 672 5322 2715 7973 6840 2893 1225 6815 7542 4192 7842 8479 7962 6913 2840 2334 5213 7150 8775 6334 7755 7473 6250 132 7420 5595 7619 4732 4902 104 4716 227 5589 7868 4891 7567 8709 5810 5369 2406 3910 3611 3121 5942 4599 606 8459 281 4913 5621 4799 1729 969 9216 8273 6433 3145 1289 8057 2779 3005 6614 7760 8694 6041 553 8944 4999 7390 646 5739 4367 2359 2404 1452 2085 4026 7860 1886 8437 4223 7017 1826 9559 8401 8940 4694 8476 3192 9110 1963 111 3001 758 7616 6350 289 7208 3293 9666 8241 2874 2627 3096 8890 5048 9588 2780 380 8766 8787 295 847 2189 2650 915 3590 7697 4485 5359 4137 3065 338 3912 2144 5639 8931 896 1782 9114 4897 2031 2026 679 4122 7598 9850 7168 7980 1572 7029 6600 207 4624 8014 3123 6195 1766 4109 161 9804 8755 9882 7534 2105 6503 7037 5036 6644 2731 9132 1152 7071 8324 87 5062 8593 5974 3982 5790 6134 1939 4347 1189 2498 911 4795 1186 5896 9927 4029 7348 4018 1372 6727 8585 5649 4680 6442 6732 4030 2269 4964 3435 5260 9377 1646 604 7155 6741 6641 5651 6311 4417 2119 9917 8047 3737 217 5018 8706 516 2699 8099 3519 5333 8019 7826 5509 9828 4128 3000 4577 3119 3205 4435 7645 2275 8461 3747 8778 7866 8383 8371 3009 4481 5044 4161 8625 350 6376 9871 4650 3675 5776 6893 5883 2417 4704 5089 3349 6887 5749 5047 5632 2868 1796 3594 8701 5719 7103 6332 8073 4723 3872 1802 4072 2182 1380 5796 814 8291 1752 1107 9816 3516 5122 8457 3544 1639 5830 8908 775 3183 4141 5250 6580 7148 8880 3113 6071 2468 5521 1357 5352 9011 8231 9602 1086 9815 7112 8905 3236 3198 5237 8715 3834 7392 4952 488 2667 9206 7052 9146 1381 4251 382 7146 3046 8526 4780 7757 1891 9281 948 6538 8175 868 8481 2642 3537 8422 6033 8794 4494 4979 8525 5778 9563 2451 8551 3334 7861 7507 9188 7545 2626 498 53 345 6425 6049 6318 5499 6192 1221 7322 4877 7575 740 1487 5841 1731 4418 4695 3160 1149 8960 6297 2067 6475 9915 9641 8029 9622 5643 786 3531 5056 264 1311 5347 7627 8399 1554 1954 9571 7691 4424 3111 4279 1521 9780 644 3297 5494 199 6587 9172 3182 6098 177 5310 9109 7964 1501 6006 6572 5571 8664 6283 3995 4172 985 7406 5390 124 9173 72 503 5271 7768 4406 3821 5030 8592 526 8027 2735 3418 4487 7087 3581 3754 4493 9990 5102 2881 5116 9932 9043 1483 2786 238 7561 1456 3421 920 9644 2742 4862 2739 208 9721 4516 5071 1368 3856 8217 7781 9455 3366 5246 2568 950 3330 3386 5533 2296 2256 8844 3603 3018 1899 8260 6967 2748 2198 7314 6363 6700 3971 3340 5192 2337 9988 1540 7578 6024 8982 136 3371 1142 5202 434 5004 3953 654 6429 2550 6780 156 7982 3304 773 2351 9870 7041 3839 2795 736 9325 4079 6541 8089 6966 8878 2685 9637 43 4163 1855 3532 6107 857 6680 7295 9399 3195 5258 8697 2501 4579 8650 4997 7891 9903 2822 5409 607 191 1005 5713 3770 8277 7375 4742 9084 9194 1310 7767 83 1636 3482 3988 8037 3443 4667 5559 3407 1466 8030 2565 2465 7438 1130 6020 9056 6526 4441 2497 2179 7596 682 3417 2991 628 2528 3158 8298 9693 8156 1829 6005 5637 6532 6258 2870 1020 9480 8492 8329 8417 3127 2995 116 4552 8410 8480 8941 7376 9564 4865 1667 2900 424 8835 7471 458 2004 9034 3854 4563 3252 801 2134 6560 4429 9016 8911 5293 8788 4690 9251 3864 5891 5948 6886 1893 2378 2618 7288 9429 4369 8053 1451 8802 9845 7829 4383 1715 5936 5594 4857 7340 8544 2193 7441 2730 300 366 8881 5694 1513 3551 7540 3866 2097 6543 6577 5372 4459 3044 2309 2104 4863 3606 6961 5120 7641 5949 2379 466 8473 3343 330 4033 4923 169 3807 4868 9655 9217 5981 5020 6962 2596 3404 5569 9504 5712 611 3625 971 1588 4341 1738 7685 1699 2690 4227 7389 20 1524 6420 7573 7759 8430 9643 8052 2237 6399 3868 5413 8550 7724 9062 3153 2176 6306 9684 469 5051 4031 4127 4792 5872 5285 8251 9166 7078 980 1638 8653 7698 2770 8124 9566 348 6343 6468 523 2647 7108 138 9799 7244 8752 395 5720 2930 1527 6949 8628 1844 3688 1542 8753 4975 1518 1946 6313 4779 5633 2412 5960 3168 7431 9629 4980 4044 733 481 1465 3946 9709 8196 1157 6803 3365 5142 5970 7089 8805 9396 4077 7122 8646 5174 8644 4003 2112 2914 8964 3870 765 9293 2 7525 8845 2479 6209 2544 6156 4144 1857 6072 2637 9706 8506 6482 6421 4426 8705 5995 3867 3970 8508 7729 5938 5606 5600 2639 8939 2894 3496 9123 7806 6667 403 6851 4073 8107 8837 7152 4287 5134 2847 8418 2168 9824 5181 4231 4765 3177 6349 6982 9387 54 7756 1674 3635 8741 3697 2187 7286 7395 8586 4042 3636 4048 6204 7218 2805 3140 5299 4050 6849 2793 3965 8490 2415 7628 3103 4328 5666 7360 3925 1135 8440 4084 9998 9512 5703 4234 8258 1976 4268 5717 9155 3944 7905 6389 2000 2876 2855 4333 1654 480 7242 3477 4835 9540 1601 7411 3075 7460 6619 2229 1814 1631 5255 7305 1913 1053 5817 7623 4025 153 7793 5599 222 1037 6709 82 4578 5992 7018 8879 6323 1235 8952 2727 9145 5198 8555 2429 9426 4380 4785 1576 1164 3637 9082 6148 3483 6242 3958 7649 5577 632 8264 1723 4317 7267 7109 8314 3903 2732 9431 2790 1024 7863 5162 6115 4873 7247 1942 2569 2361 5613 2435 3237 9905 3299 7345 7510 5659 1510 966 1214 1297 1619 9839 2427 3276 3966 1004 4805 8746 470 4461 1399 2399 593 520 5866 3619 3851 769 5216 8613 7498 5187 5367 4807 1650 2013 6387 9218 2391 2691 8898 3580 3007 5839 9106 9715 381 6079 2456 1571 2081 4453 7127 8737 5991 6787 337 2251 4764 6584 3193 1160 8622 1710 5668 7643 7198 2966 5361 4036 9717 192 2573 9522 4968 8620 3620 3726 9766 5491 1351 8236 6068 5094 1763 9632 2738 9730 8838 7480 8534 9479 8597 3203 2892 3323 9442 4709 8780 3778 5906 7680 7646 895 9784 554 9645 9535 2603 5616 4070 8226 2080 4054 686 9656 6904 9297 9398 6846 4938 6746 7397 567 8917 9378 5241 8754 2389 5463 3426 5596 1328 590 5066 8688 7437 9621 5901 6124 565 7124 8012 9379 5933 1741 2610 9187 633 8842 6779 5688 6223 9510 2671 3081 6125 3740 7182 5268 1707 2279 5034 8320 6145 4402 1762 9085 7413 2582 2679 4492 4754 1371 8566 4327 9980 1679 846 9683 7486 7050 5816 5893 6025 4703 8392 7228 1306 303 2753 5203 3667 6921 576 7875 6326 613 6656 6104 8280 1241 4924 1626 2255 2825 4085 8210 2796 4222 3692 56 5932 2167 9686 4720 7841 9250 6345 4848 7631 5865 6974 1458 3830 5824 4166 6360 7207 9671 8493 8541 1467 6423 34 7337 9823 929 1852 9165 1704 7730 1481 3492 3915 9440 549 2288 9854 4058 1089 5702 7261 9562 7090 468 4099 4733 4217 4183 822 6618 2898 3037 2812 9705 2960 7106 3478 6010 7256 6043 9391 9364 2906 3876 5592 5823 3354 9638 7169 4973 5857 341 5353 9841 4146 2903 51 455 7057 2954 4523 1183 3824 3775 2656 2858 1567 7073 2043 4398 3403 2877 6864 8181 6802 8106 3930 8163 7653 8169 4735 3530 1166 4852 7206 4474 1830 4629 4045 1426 5863 7180 9701 6422 2333 7856 738 1386 1539 692 7971 6856 7836 5173 4903 5837 8704 747 7133 5996 5286 9078 5386 1032 888 4247 9725 9356 880 7285 3552 388 3453 2088 5400 7492 6554 3617 5301 5130 108 6900 4181 5587 1336 7765 9761 5129 3654 4041 5861 394 1776 291 9964 351 9044 2676 5963 5507 8018 2466 7328 7015 9714 1848 6772 3513 7629 4479 6174 8119 6448 7487 8215 2036 8991 322 5279 5792 4669 4752 7774 7024 4124 1464 3042 2376 6919 8742 5923 4046 8135 2394 6281 1864 5888 778 8307 5843 319 2611 5448 4686 2674 1250 5143 6742 405 2519 7721 8406 3638 2046 9460 6207 708 8935 2446 3679 7969 2630 1996 7464 8068 5193 4308 8985 1275 1265 2002 9913 6147 3112 9653 1430 1860 8211 4789 3294 4878 2561 1179 2294 3713 7929 1139 755 947 8759 5230 5225 41 849 7187 5941 2345 7876 4915 3501 1769 5850 2559 3174 3907 3402 4197 334 7221 3589 6605 3779 5811 2324 1664 6111 428 7491 7121 9007 1495 4413 935 36 1138 451 3382 650 5474 4550 2175 7887 8469 3188 8004 9580 4014 6088 9557 2212 2654 7466 7275 7025 4440 2039 2238 8059 3934 9463 9337 7069 4600 5278 1015 7400 1986 4536 9957 2421 2580 7658 8855 1340 1036 7398 7990 3411 702 4412 3208 2711 3689 5530 5959 3229 4627 7217 7839 1575 9446 8517 2811 5475 9694 2244 7202 6986 1082 5264 8619 4957 8792 8659 9838 96 3399 6752 8348 7808 8120 8145 4191 3774 2927 3931 1237 247 4133 3277 5714 1195 8268 7280 1477 9908 8743 8946 7746 7291 7276 355 542 6367 9837 7095 4692 3434 9518 399 9105 2698 3232 9941 4763 6119 8452 2718 5053 8918 1106 1008 1113 8483 5208 6108 5140 9051 6513 8398 5578 2355 1078 4637 2891 9317 776 893 8862 4314 4337 5155 6170 9489 7908 8675 6954 1565 8903 5972 4155 7692 2040 6152 6299 3582 5859 2299 5011 9108 8200 24 787 214 7076 8758 1952 5672 3844 5864 5290 9777 8304 1 353 6514 8915 4850 5927 8975 223 2232 9349 9253 6210 2645 8496 3406 7254 8269 4325 9179 5037 6889 8300 7657 9083 9371 5472 8093 4822 4277 2854 9914 3235 1330 8201 3990 2963 9015 6868 746 7479 8647 3069 2470 5657 5601 5723 9652 1544 2953 1535 1077 3666 2053 5994 7984 991 7997 2846 8652 9137 6630 5295 5504 2059 8334 6064 7065 42 6172 3326 9696 3573 2396 5788 1647 9574 5425 6123 7786 1922 6729 6285 3891 9252 676 5700 5267 4814 4927 8350 1693 5393 7469 4149 8782 1080 1799 2997 3849 6596 7258 8017 8472 4416 5488 1165 4663 651 2666 5658 5689 2367 2799 4774 8610 7365 8397 2091 2543 8730 9759 9663 6199 9902 2636 4450 1257 1098 4399 9338 9237 50 7914 5783 3602 9242 2017 999 3216 3286 3360 3157 4037 2965 8683 9134 9200 684 1056 1349 8279 4524 780 3943 1973 9064 5283 3150 1728 4158 7453 3487 2248 150 3803 9668 4701 4699 7508 7252 3656 9624 4174 4557 3767 4252 4783 9343 1489 9112 4097 1630 5873 3687 3341 8380 5955 6777 430 6426 144 9983 917 6327 5459 7740 7941 5487 4806 4091 7425 7027 3886 5063 2241 721 6492 315 735 9789 7639 8275 3731 6795 8994 1941 7140 4758 9154 2993 4108 7222 927 6809 9153 8760 7769 8665 5291 7499 2482 8504 7132 9401 7384 6339 1029 6057 357 4549 9898 4883 6096 3604 413 6771 3651 6063 9005 4766 5416 9122 4229 6282 8063 4313 1341 4671 9612 9094 1213 8100 3338 9222 4522 9449 8110 9116 8478 8076 1994 615 3206 7184 6061 9605 5373 2263 2518 2999 6054 704 9481 3305 8474 3480 3108 6316 7723 1161 5276 7595 7157 3524 6391 9049 1813 6755 9097 6827 4771 3922 2939 4793 133 8599 4803 2693 4899 1863 4469 5618 5327 7613 4646 7877 8886 2225 9819 8103 6985 3859 2572 2762 3468 4237 8846 9335 6599 2789 7951 6993 2601 2433 6004 7382 1238 8041 8318 5319 827 7165 645 7299 5763 1403 8548 5557 5078 8421 3357 5853 7563 8141 6348 9956 175 5772 7513 4512 7223 6135 166 7946 7615 5438 6146 533 4081 2863 5728 8826 3225 6972 9650 4697 616 1713 7379 8117 6542 2172 3962 6895 2424 4272 6634 826 6669 39 4507 6512 2048 3282 6294 7821 7229 2788 3061 5946 4004 7036 5663 7846 8429 3332 1163 9702 3721 8519 4965 8023 2363 697 9271 1581 1096 956 5807 2890 5183 7644 5441 8494 8537 299 3972 7501 4466 3892 9072 6694 2905 5695 5046 5655 8976 6417 792 2708 6085 5452 5916 5706 812 6176 1366 7117 2540 9526 9558 8414 3243 6208 5545 1818 1578 2122 9060 8144 7661 7368 957 3879 3715 7156 3522 9327 4610 7844 494 1356 370 8973 4802 6289 9719 6069 9452 2023 8451 624 4879 1007 2922 8949 3538 6612 7703 7045 7788 1783 764 2829 2722 7536 4657 7110 2591 2682 4114 7402 6053 5553 930 5969 4394 3610 6175 5346 9735 3888 8330 8980 539 6796 8043 902 6451 9478 2589 5867 1412 499 9778 5676 5107 1984 5052 951 3694 1835 422 2368 1949 5073 840 3885 6234 8466 8177 5677 9523 7354 9840 8699 1557 1531 9724 3142 8875 913 6936 703 8762 4854 9875 7119 3057 3520 6590 9385 7543 7794 9189 8825 5375 250 8810 4645 252 2247 8050 1596 1603 3017 7131 106 2807 5303 3809 6748 9867 6952 1217 9265 2461 5987 9272 6791 4575 7235 2063 5135 9866 6598 9294 6031 194 195 1468 4393 7134 6816 9984 4309 6373 2423 6457 9635 3381 5010 5223 7120 9070 909 5471 9578 1043 5000 6764 8562 8206 7884 1817 2156 3623 4956 1742 804 2607 6263 6650 3258 6162 9851 3738 76 3714 9436 8621 8617 7130 1055 9411 4096 4641 148 164 2471 3438 7993 9336 4391 1960 9001 1475 3846 2747 6657 5973 7952 234 2973 1618 2014 1532 4196 5751 7483 8681 5232 2530 4322 1067 6964 4039 1506 1300 8034 1128 7670 3942 6436 2360 6948 2619 9203 4403 3012 4532 1365 7404 4364 6090 1012 6575 2005 9946 1199 3560 2856 6701 6521 5087 7966 5849 296 4087 3676 7503 3126 6122 8522 6639 8851 5561 695 5381 1039 5320 1425 4365 9963 1537 2764 1001 8066 2472 8453 2116 9324 9055 4043 2199 8253 4741 6790 8818 3209 7374 8770 9266 5787 6094 433 1308 1696 2908 1395 9762 7332 4274 7805 8363 1346 3976 4344 2969 5210 2422 4458 2976 2259 5537 6608 5701 3384 6481 5729 8698 7579 7279 9197 2755 4180 389 209 2155 7008 1559 5023 5496 6878 8097 3536 1283 6632 860 7911 5064 3951 1134 3769 2206 1313 7778 7189 883 9010 4171 6624 406 151 3281 4353 2058 6455 640 3363 7094 6839 318 6136 4503 5950 2021 1438 9259 6361 7737 6606 2757 5626 305 3550 7385 1021 496 3094 3789 5440 4815 7634 2577 9269 6558 8801 3260 1866 1730 6798 6508 605 6117 8640 8147 7325 9115 2093 2640 5495 1827 2133 6206 6359 4656 6697 6910 9667 5178 7319 6712 9390 7630 9873 1843 2948 4670 9388 8161 8535 1200 2453 8520 8058 8179 7547 3921 8085 5410 757 7026 8614 3875 528 3283 1122 9911 4338 7059 9991 9631 9528 9654 4419 7070 4186 9087 2385 7077 5076 4164 3489 5050 7500 5132 9268 5224 3725 3916 7245 1058 7426 7233 643 7393 8779 4455 2744 6960 2481 8791 6907 5691 1833 9710 7192 6562 5085 6708 1144 6232 1587 7882 2110 3172 6386 5259 1747 5524 3054 6118 8714 4746 8806 2862 3327 1284 6873 6882 3454 7153 8660 1355 8790 8516 6051 309 548 2260 5149 9505 7051 7158 6874 9958 2563 2902 6860 4649 3190 4947 9374 8511 5014 2818 5394 2521 823 4884 4846 5298 6044 3997 6823 6838 1104 731 173 8564 7940 7581 1868 1947 6434 6304 2209 6007 6377 4517 1318 4156 627 8638 1905 3314 5172 3364 9749 2103 6366 8342 4816 7589 3444 7044 1675 9027 1151 1536 7237 1202 5812 2090 1042 5324 8514 5962 2132 7160 894 4772 8227 9920 9583 1352 4887 121 1599 8152 6814 1595 5737 213 2809 9664 8887 5332 2957 3618 4208 879 1136 2055 5920 3309 6314 867 9054 232 240 3137 4451 2675 4707 6040 4533 8529 1687 7346 9414 2388 856 233 1632 5254 5119 6778 4762 5243 8069 6253 4202 1385 3901 9415 3408 333 8803 8735 1476 2549 6977 9434 8707 5806 7987 7408 3696 8635 665 3791 7014 2830 6251 9764 9690 2524 1363 8924 7818 3578 9255 6202 5137 6419 2726 4147 146 2810 447 7203 2330 1389 6570 2235 4256 1272 8637 8795 9547 5218 7587 4508 1644 7009 3874 3261 5024 4611 5217 4687 5042 4213 2302 9576 5513 58 3751 7246 5126 7224 3239 7582 1546 4330 8389 9202 8814 4590 4626 1177 7032 9041 3503 2895 9733 7733 2673 6454 3840 2329 7564 986 5206 8578 2480 6473 8645 4502 630 1529 3556 8686 2950 7713 6702 3318 916 4724 8118 7994 9235 3717 6927 8165 8148 4876 1026 5411 4032 7988 2548 1822 6370 7837 2703 1836 3030 6077 259 10 9201 4974 7716 3555 4859 9619 4210 9521 8981 8214 4894 8282 462 7129 7442 9359 8969 8648 4963 9372 4211 3801 6973 7965 3609 7970 3936 7975 5281 1982 9077 6711 6636 8907 1755 1812 6293 101 4866 9142 5730 5836 9248 8804 5117 699 6520 6687 569 8151 9468 1060 4824 5929 2341 8739 6831 6881 7523 818 7407 9997 4636 3847 9954 9186 5918 910 9181 8576 4714 1915 3316 4869 6252 5604 7783 6093 29 1765 3788 8083 3961 2800 1708 8641 5103 6247 4800 3597 1226 3810 1883 6241 6131 4269 1094 7775 5715 7097 3772 730 522 7001 5342 7827 4241 6065 945 1671 2583 6756 3521 7410 2467 9320 9243 5797 8366 7421 3278 8772 5944 977 6884 3488 7764 4948 900 3122 6983 8823 3125 4514 2060 5705 3507 8203 5926 8378 7656 1444 7862 4747 9421 2579 5195 3629 794 8573 4761 525 7372 9843 6050 3998 6159 224 967 3863 1920 8222 182 1267 7248 347 1604 8393 6622 298 4307 5105 1099 1109 329 3008 7481 8524 6989 8984 620 1116 5029 9477 1773 18 8010 4834 8394 8600 7728 4375 5248 1837 3591 1541 407 457 2578 8530 9456 2889 2706 3375 7735 5468 3898 1411 6081 6859 7214 6173 3051 3067 2032 828 2171 6781 1697 2576 8079 5239 1896 3302 5070 1035 1432 3186 5261 1803 5799 7999 9406 1633 5424 2308 4019 3553 8774 5930 8500 8884 8296 4101 6411 4925 6506 1648 8301 2395 8411 7802 9404 7290 1260 4449 2956 4808 9496 6788 8658 131 3804 1901 4239 6034 5635 3052 3759 5789 8777 6365 362 7306 306 8139 6898 842 1788 5060 6300 487 1110 7467 4787 3682 2443 3424 4970 3355 4433 4604 9743 9931 4760 3793 2328 6897 9883 8460 7167 5630 1003 9896 3389 8370 1087 8372 5401 465 1261 7318 6459 5355 4052 4071 4267 4520 4422 2899 3994 7559 9033 1992 4726 1215 6810 7201 1112 2616 9499 3013 5523 1219 1916 3414 2050 1865 1102 205 8376 7528 3685 6045 1407 1248 2769 3100 4734 4939 9966 7745 2767 8185 1502 4836 2736 8170 6818 3869 1887 8883 4198 7812 7458 2587 768 1212 1103 9857 275 118 3490 1295 3114 8873 7968 864 3670 9550 4358 6013 9525 2625 3076 8528 1851 5215 2938 8003 3245 797 235 8594 3908 7696 9445 7083 7833 7435 4299 4632 5531 6003 8676 1218 4644 5520 6812 1898 3199 4731 4675 9004 94 5191 5430 8290 6911 2848 5518 6799 4767 7468 3828 3219 1933 7930 9771 401 6685 2086 5049 160 4244 1051 568 5212 19 5167 8978 1758 1838 673 3937 806 3211 4140 400 6535 3649 9310 9825 6188 4698 3372 6390 5809 5435 1876 6309 7126 7213 3985 1560 4319 5550 961 4510 5620 2084 994 6218 9720 3307 7351 2010 8943 1002 7518 9503 402 2763 2082 8885 2778 3200 9223 44 134 4564 8988 2277 810 5091 4396 3383 9971 889 4262 3527 7722 1948 4917 189 8793 9751 2035 9471 9922 4498 4987 439 145 3 4028 3722 8138 2219 8518 9982 8609 5358 6070 8045 6757 4929 4786 7621 2266 811 5877 561 4138 3709 5398 7028 3359 5266 2064 7894 4995 3815 4801 3138 4651 1525 5128 8153 8666 2600 3020 9680 3818 600 4318 4080 8396 5016 9880 8605 4490 2594 5406 8708 1570 2689 7955 8425 4134 6489 8188 9745 2716 7495 7456 9176 9150 6460 6770 4677 8649 4273 9630 9818 9646 3031 2585 1890 1777 6447 6998 5454 5253 2615 1197 7928 9742 7686 1958 9722 8008 8233 7443 6537 4662 8391 3645 3079 7079 371 7855 8044 5586 9357 6894 9073 4442 6552 1512 1622 4013 7414 2314 6914 2684 8347 2106 4890 5086 1010 5854 1785 7196 2515 652 9022 1326 3035 9952 8512 6291 3189 6035 6132 657 1246 7177 3543 8033 8375 456 7916 6837 4076 5093 4529 9597 9474 7105 9469 7176 3837 4821 4414 6364 4591 1974 9003 7343 9170 3827 5671 9023 7809 6875 8305 202 273 5099 1140 3428 2803 6932 2928 7907 7249 7961 8302 2719 1147 5277 5554 1637 6398 4090 393 7362 4336 714 9484 1780 9309 7236 2061 7282 6602 2604 4200 2672 8455 8781 8456 5910 8006 5876 5558 3515 5652 5412 7104 1720 9149 1019 6138 7665 8122 5679 4021 6601 2140 5845 6371 2777 4300 7327 661 6585 7259 9107 8503 2223 1641 8326 705 4708 7704 9102 8750 3841 336 3979 5758 9234 2832 4448 3390 2267 6301 2985 4468 1173 2785 6628 1661 3893 3159 5397 2034 7047 7144 2977 3973 660 1079 3742 7405 444 8926 3984 4148 2791 7363 8963 8671 4103 5308 4066 5986 5362 8966 8783 1892 1961 3392 5098 3585 6988 2071 4565 1500 141 8420 5568 9282 1388 6194 69 2869 617 8002 8133 6640 9600 610 3796 1652 9420 9959 7935 2044 4120 2246 1362 1872 2240 9009 9111 4654 3512 8546 6184 9604 4753 6480 4063 6183 2069 6522 9101 8116 2344 7042 3021 6439 9615 2307 1823 2130 508 9625 9299 8400 5469 452 7257 268 4819 387 5543 8292 2428 2161 7463 2121 5449 1018 8349 3180 5922 7298 4355 3394 3787 858 6592 9067 7230 8904 1759 6379 5194 9182 3712 809 8575 270 582 365 6464 1505 1256 3244 2867 8700 8225 4904 1484 7899 6153 120 3166 4430 8953 5699 497 7947 1614 7040 9979 7292 5360 3497 5106 2820 6811 1846 5967 5522 7963 3783 1185 1885 6102 9270 873 5768 4306 667 1888 7896 7672 7462 9509 7512 6664 6106 8968 8026 5074 5529 7154 3781 6715 12 6759 9019 8654 5770 2782 5733 1613 3763 152 5519 6337 4126 4521 1266 881 4886 2522 162 6458 4606 8257 6594 3397 4653 4332 9930 4264 3545 1607 1978 7795 206 5382 9746 8016 3393 9502 8947 2920 9607 6490 8007 8747 1314 4542 1175 9582 8601 748 9298 5136 728 6825 4545 3449 1137 6801 4015 5822 9891 3321 6466 9951 2268 4914 5312 2111 5204 472 2375 2598 9277 3608 9793 9687 7315 6149 6663 5152 8773 5097 7452 8813 3374 5323 4954 3681 2114 9308 8716 1635 5031 820 7164 7304 8288 8402 9037 450 5341 6565 6885 1929 4195 2089 6865 1127 1928 727 4976 7000 6999 7149 4082 6800 26 666 1255 3640 5109 3894 6567 892 882 2305 3467 3358 7744 5913 3596 7601 9970 4008 8871 6557 5653 4678 4739 8797 2864 3565 3653 3280 8673 4955 4659 555 4034 3139 9947 6613 6415 609 8132 9885 4710 304 8815 4576 9755 562 6259 8565 4813 3665 6160 9516 2575 4346 968 1435 3586 837 2901 9708 5935 7676 5527 9225 4112 1517 8527 7669 1148 3169 8996 3889 4936 1329 7642 6413 4321 5852 1950 3598 5287 9849 10000 8332 6418 9495 7488 427 4094 3191 3313 581 4505 1273 6150 8270 4473 1904 2311 251 9507 813 647 157 7215 1917 4810 6548 9389 1871 1048 5344 6256 331 1174 3750 2413 4743 8679 1895 1482 853 3387 5999 3700 9556 3109 8849 2381 7211 3989 3473 6965 942 9590 6604 5038 186 8689 3088 9994 2686 4088 9158 6000 3699 6092 724 1900 8361 5447 5402 8176 9341 6427 416 9750 807 7624 972 9560 9120 9856 1033 2011 3401 9565 4781 244 9989 1279 2964 709 6392 2527 4770 3011 4206 1115 4349 8945 1409 8475 478 3345 4981 992 1360 438 1331 6388 9736 6820 3312 2885 2292 4265 64 9295 899 9685 1562 6200 589 9301 4488 8713 8948 990 7416 2979 4661 3201 3484 7415 2980 9117 7058 6617 908 7556 258 501 4111 453 6992 6693 7269 772 3706 8538 7654 6623 440 2092 638 2798 5165 7060 3529 5318 6523 3777 7529 5905 9678 9647 2944 1387 5654 31 5395 9319 7667 4038 4281 5870 5560 1859 2542 2509 4362 5273 5779 4253 7175 2817 4209 4323 3817 6165 3132 3247 435 6240 1869 1373 7546 6405 8465 1230 1111 409 1479 125 9042 3880 4959 5302 1640 9807 3526 6841 614 8259 1335 1775 7749 3450 3855 4438 6761 7162 9184 6358 1172 7088 3331 2532 2226 9901 74 2553 5123 1191 3287 9125 2411 6707 1585 8065 5851 5886 2154 8271 4374 5902 2271 384 3043 7693 2797 1420 253 7719 3356 5144 4187 2643 228 4376 8611 2286 4841 2138 8102 9386 446 2204 3546 9729 8134 6533 4740 4940 8712 2153 5879 1100 901 594 1569 7128 3400 7516 5983 5928 9204 4102 7086 866 953 1193 6062 7739 9858 3729 8171 9313 8213 566 6315 1926 7194 9868 79 7562 5284 185 8899 5756 3991 5525 2720 1410 7998 5546 4833 707 9575 668 9737 5113 272 717 4444 2882 2410 4652 5825 4958 3068 8768 7859 8545 7539 6101 392 8539 587 993 9473 6671 7336 6945 5858 5161 6467 8114 8977 2931 5753 7451 167 3227 7294 715 6561 6116 2510 6690 5884 9427 8416 5667 4118 3361 445 1378 649 5179 4880 9877 8852 1034 2967 7851 8323 6984 976 5678 1178 5895 4567 3691 7568 9467 4276 9886 2657 1437 4189 1754 5480 4173 725 6943 8248 2449 2883 8254 4340 5742 6182 1856 4401 9610 2409 1168 3831 9497 4193 5931 1091 5392 7263 4012 1203 73 5726 5502 5856 5826 960 1523 6424 8558 3835 5745 1171 4224 4750 9753 7303 255 8733 6635 8384 959 7695 521 3871 6744 3745 9312 658 6128 7449 2752 1390 7799 4243 2516 7517 6939 9794 6375 128 5535 6545 5486 9675 2949 9074 752 7210 5834 4986 9900 9543 8532 2458 325 5457 8919 2651 9219 2725 3547 5485 4977 4679 7352 6338 3452 7694 7612 9810 2512 1022 3630 3680 2506 284 1198 8212 1252 706 790 3342 6830 2590 2983 9718 1342 6848 4898 6496 9257 8395 3147 3663 8843 122 2946 6268 5426 6679 2614 3087 903 6695 2150 5335 8216 8403 5403 8109 1504 3270 7902 5095 5682 1162 9290 9462 5366 886 6340 5363 5453 4798 6528 8965 1881 1118 2700 4053 9466 8070 2218 363 4867 2437 1000 6824 2714 2173 11 5084 8445 530 1052 5269 7429 4993 7771 9076 2178 8839 3002 6190 8207 710 7016 3926 7465 529 9241 3224 4870 9344 8390 7838 4107 9103 5368 8409 7689 4788 9486 2473 9092 5608 8096 9848 3336 8166 3098 6027 9245 2447 7954 6255 5497 9888 9139 1721 4992 9987 6660 7548 2129 4882 7690 4530 2390 81 1229 9210 13 6689 6937 9126 5226 5878 4722 7147 7576 6016 9681 5186 4589 5675 2815 3549 1805 7151 5484 7287 9712 2216 3066 934 9047 8832 6449 3045 2352 9783 78 9864 1114 3301 2851 3120 5894 8812 4092 7200 8559 7925 5743 6517 2335 9581 5628 3352 3652 7515 1176 9278 8998 3436 9160 1374 7878 4320 5436 3588 3290 1981 2407 6649 5257 4797 2729 4499 5160 6847 4874 1040 4250 8589 4888 2281 9448 6018 4152 7871 3780 5067 1553 9633 7570 3890 4368 9221 178 1270 1044 6112 8685 7640 8295 2227 7475 3708 9224 221 7166 9444 3918 5371 1735 7074 781 5470 2215 7885 2224 9091 4125 2019 2158 6704 3975 5623 8807 1718 8484 4411 2418 5201 2968 4439 6863 5727 5065 5415 6850 9788 6201 4893 2624 129 6726 4640 2115 5114 8848 890 1858 9895 5108 40 4086 2265 5647 2320 390 2697 2632 5784 763 7358 8888 1519 5326 6219 8255 7872 1251 3437 1959 3275 2660 3843 267 4872 8311 816 7800 574 680 3644 2942 2165 2728 5460 67 9014 1370 6226 7330 6114 6086 737 8194 2249 8054 4966 844 5317 6555 3420 1312 2655 3107 3310 3499 5338 5021 6733 1228 5032 9258 1448 7137 4861 5581 5619 2358 3074 4007 5280 4113 8351 631 3267 7020 4906 6769 1408 943 4541 9811 6853 5511 767 855 140 6164 5603 3084 261 8861 5786 9369 989 5151 925 473 1379 7195 1167 8874 2047 9763 1073 6126 149 6211 7850 7678 8595 817 6073 6505 8663 7264 3716 4526 4145 3657 4176 9156 5265 3852 6909 3950 8189 3850 1909 4266 4562 7992 5526 2146 7243 5552 6540 6912 5125 884 3213 6151 1462 2564 2185 6154 8140 2070 7747 411 1746 7113 5747 8796 779 4142 5445 3707 2076 5862 6510 6682 3086 6692 2988 2444 1884 3969 7824 3156 55 2622 8672 5315 6717 1498 9493 2529 5422 7583 603 4242 9833 3624 6320 3883 2327 8868 6678 3419 3058 9408 1192 5145 1196 3940 1188 257 1990 7880 8740 127 5510 9355 8130 1714 415 9430 1725 7594 3368 7226 7099 324 8123 8723 263 1125 6409 2581 6834 9180 1808 4660 834 3291 5419 4845 7869 6743 7265 8507 3572 852 2398 8923 9897 7145 2450 6559 8160 88 5567 3939 9418 6217 5731 335 1206 9046 6488 1634 4855 5532 2109 4040 2943 5748 5331 9439 3118 3202 5505 6730 9855 527 5534 5744 6507 3954 8603 2556 5443 4840 8869 9358 4933 546 7633 8894 396 4119 8415 6750 4139 5414 9812 9432 8221 3705 4851 9628 1789 7931 8877 1809 4249 1831 2350 9760 7981 2310 1337 1692 4623 9232 1558 7828 3794 1120 2925 6196 2926 1666 7353 9274 4423 5006 8761 2961 5943 4759 9552 9587 3117 5541 9939 2503 1861 6762 7307 8858 8618 8711 8036 93 7763 6950 9912 2426 4934 3795 6951 37 2382 1443 4744 9416 2554 7673 4395 4912 9945 6784 5741 4301 8833 8725 8912 745 2291 931 7170 923 5687 8820 4207 2397 9674 6036 598 5917 1334 5314 8547 6714 7096 1499 4352 6620 7533 6352 5180 8435 4304 7974 6519 5562 766 71 7600 5975 8584 6588 2723 6609 9781 9410 722 4454 8276 9599 3233 8971 6486 8932 534 4345 6074 6394 2073 6941 66 3736 7383 5773 1159 4083 9412 2934 1133 3259 6105 789 6833 2364 1923 8404 5650 9756 9163 1194 5638 6002 3215 573 5547 8424 4582 4047 9214 8028 2261 1918 7401 8360 5343 540 3039 9999 8734 3595 1724 5767 3325 4791 1815 8333 9211 4538 2372 2233 3344 1873 8340 5813 1220 6763 7444 5542 2623 5427 7308 9919 2362 2835 8128 2552 9774 3320 165 5377 1332 6501 4023 8895 2635 7455 805 6876 3071 7034 8450 4408 5041 2571 2998 4339 8607 3932 6705 5762 218 8046 8482 7684 3059 9626 8972 1287 6699 7188 7317 3351 7186 7798 8515 3391 7823 3250 2500 4390 5746 4583 8091 9790 4009 2217 3328 3462 1670 5380 9199 9284 4123 1070 2513 4811 8187 7067 4162 1912 1333 2041 4908 2282 3495 4944 6531 6922 6819 5555 1269 8287 1301 7093 2875 5350 2935 2136 3296 8322 2816 482 9066 1548 3518 4587 5170 7311 6829 9613 5244 9567 2644 210 1709 4150 6407 9747 3554 7766 1271 6674 423 484 5847 2403 7926 7712 7995 5573 8470 3723 4689 3820 1653 8146 5481 6393 9611 9754 4381 9140 5645 2257 8581 9985 1819 8633 9273 9955 3825 2211 3373 2370 2338 2536 6917 8 9089 1441 7046 7753 8104 4585 4283 4348 6765 2321 3308 84 8464 3905 7447 9698 7 739 1494 4554 6975 885 6058 2166 5081 1921 9240 239 5609 1874 6793 4856 8294 21 8913 7135 1011 6264 2861 9986 3986 7063 8615 2476 7010 8379 4051 9546 2284 3376 3212 551 1302 4477 5209 5574 7932 928 110 2592 5585 8293 8718 243 8049 8405 1975 659 4382 5476 1064 7490 6357 9340 1207 2606 9304 979 6229 905 8471 7081 5306 5328 2487 7082 5340 7611 1999 7204 3734 9506 2638 7706 7394 4727 9934 5907 9617 592 5680 6586 6440 6397 9758 622 9409 5007 2505 4334 9651 2896 8178 552 3445 9949 3878 7585 1084 9351 4928 9529 4706 719 3231 3170 5874 9423 8624 4736 2102 9026 3221 4282 7605 7123 3861 2356 1460 9573 5275 3897 5364 4104 3101 4462 2871 760 4932 4830 9283 1657 3748 3155 8922 5083 4167 5233 14 1770 8602 8239 1781 91 6144 558 2741 2761 6325 6662 9332 4463 5304 323 6579 2941 1348 7636 1584 982 5979 5985 3848 2222 6568 6347 6271 2123 6171 1369 5869 6563 5040 3938 9826 8561 9038 8020 5437 4445 5434 6773 954 9287 6627 5771 6774 7033 9906 6994 5881 9029 2838 7212 6385 1651 1577 3064 9244 8639 8159 361 314 8916 8920 1925 2220 9454 6959 7482 8636 2392 1719 1210 6279 6368 4534 3022 6747 7816 7552 3703 3782 7474 4184 515 8035 159 7726 4546 184 9262 9352 1660 9380 9568 8458 1076 2593 5801 2432 1545 4991 1323 7232 2850 2940 6465 369 6224 5804 1062 1910 3956 7080 845 4179 9121 1700 1493 6087 7338 7035 2278 4776 9367 6703 2955 4160 829 2971 7996 9208 2462 349 8726 3865 5466 6516 4363 6080 9508 2430 8738 3906 7493 2766 8353 3266 5993 4295 621 6724 4558 3242 3226 8075 9670 5045 7125 3785 9323 7626 1447 7918 9138 4864 1840 4593 2283 3776 8929 5957 944 9592 3992 5754 557 5009 1514 8757 7056 7580 2844 9975 2312 4643 3135 6186 9992 8669 9168 8489 6806 477 3104 1473 3836 5710 9853 9090 6615 5407 1797 2022 6767 4773 9527 559 1680 9544 8067 4588 8992 513 8266 7843 5101 6463 3248 3220 7181 783 1286 7944 4729 4371 7433 7373 4159 8055 2491 6879 6302 7787 6566 1382 8250 6023 8299 7811 8477 6269 4203 3306 6688 4248 9616 9345 1280 8892 8272 7666 7347 9779 7814 6273 694 3771 1867 8105 7537 5997 9254 8336 8798 6926 2860 5664 4020 8865 4594 3599 9198 6335 2270 5709 9773 9333 9191 7853 215 183 1327 7688 8556 8101 1600 5615 2910 9627 4220 7777 8327 8356 1434 3913 4790 6487 9311 1791 1908 9727 3378 6539 6647 9974 60 4943 5829 9549 2008 4260 92 1989 269 6775 2768 3684 9488 8267 6228 4002 1757 7538 4757 3130 791 5644 744 3099 5166 1258 7705 6655 8840 8087 2066 662 8749 1299 932 9318 4826 3584 6734 1642 6055 1325 664 4889 6216 4075 830 3396 862 8315 5982 9177 6990 7717 7867 3311 8078 7038 4421 8958 7967 7702 841 2300 1733 1621 6127 9910 7055 3977 8587 9032 6113 2865 9785 464 3498 1358 1025 1971 3222 8765 904 7602 602 1760 5175 6944 1878 6991 3370 6095 9079 8230 1072 5602 4994 9532 5821 9012 4907 245 5345 6739 23 8218 2191 4310 5622 700 6193 9682 4910 4696 46 1223 4484 2157 3710 2897 8857 3163 8150 4214 5855 907 6527 57 3073 9075 1071 7651 6205 5903 463 1384 3348 1074 6015 5617 4539 2661 5674 1586 489 7752 9213 7879 8462 1416 3265 2982 4619 6923 8328 5782 6298 5405 420 3014 4674 1951 7903 912 7159 45 5164 4996 4372 1998 8428 1821 4397 1413 1480 6382 9035 5681 4666 2717 1045 4648 2079 9226 5937 8596 47 4688 5374 2322 4294 7803 5564 5388 248 8776 229 9 4560 9229 3335 2504 408 8317 3987 8691 626 6725 3333 7664 7959 1583 3303 2051 3819 1740 9447 6794 7209 2765 6861 4205 5887 8808 2455 5516 6331 519 6854 8373 3350 8552 364 8959 17 9561 6346 1574 713 4027 8208 486 7668 1511 6479 2760 4420 8005 8956 5570 8060 297 5235 8488 2924 285 4949 4809 9394 7652 2745 2514 1552 4016 1768 1623 5418 6996 3753 6328 7782 9731 5750 5423 8071 8728 5389 2546 3377 6858 3050 946 9835 7790 2369 9514 9069 1842 9711 4718 9938 327 1656 271 2814 2141 2483 3701 204 2839 7718 973 4778 4919 2849 3432 2252 7234 1101 8344 3562 4756 7715 4121 7614 1841 5200 4100 3800 5964 32 1232 7865 2149 7238 1678 3144 7572 68 7972 7101 1798 8509 2289 8722 6048 9879 4839 2420 3027 5815 5662 6737 4230 5141 1702 1041 7915 6782 5610 6805 2164 237 3964 1093 7302 7978 9315 575 1461 107 4592 1695 8571 4849 2962 9935 3466 6001 5297 3176 8763 5844 8831 3214 3475 3493 1320 7813 1744 139 9233 3456 3873 1249 8025 9289 4359 4011 3978 3347 1683 7780 1703 3628 2290 368 5575 7434 1820 4684 874 2306 2038 7897 2773 8369 9791 8583 7597 9700 5282 612 7504 8598 5329 4373 1938 5791 4354 5998 1880 1962 6498 6672 978 4219 1717 193 1427 3353 8756 7262 2460 236 7820 547 8889 6888 8937 1659 5300 6713 6384 3564 9193 8000 6504 9533 5012 4117 5921 7834 340 5911 958 2824 7240 3131 6901 4472 5309 8042 8655 6723 5818 5196 5925 4895 5176 9862 2486 8626 7476 6047 6461 4730 7949 1779 5732 8914 1471 320 3412 7297 4288 4303 3829 8129 3148 4069 27 9800 3171 9924 1201 4831 6245 4617 3963 5631 579 376 6722 9296 6414 1847 3023 3006 3517 5153 2159 5252 5808 6583 2099 500 4909 7784 6603 4068 6342 3744 9275 2077 2923 2584 5150 9128 7277 302 4270 2804 8549 9967 4177 4089 5501 8710 7061 5370 3025 2170 7496 949 3451 2139 9618 418 2599 502 4683 3367 2169 933 5977 8627 1169 642 2776 1706 6735 9589 6890 872 5316 9531 6987 3693 1993 8024 1582 65 965 6720 180 4154 3812 8854 3133 5080 6595 4945 875 550 6129 2586 677 312 4384 7603 9383 7497 4544 8467 6536 4719 9143 7377 5236 115 9071 4465 2531 2507 8040 2196 7344 955 59 4828 9065 9081 1940 4755 4136 3626 8533 1902 2186 9809 9098 7950 3577 4175 918 8263 5351 3792 225 3263 5383 1834 5104 9688 7874 850 7309 835 6330 4969 5766 3093 3823 52 1566 9196 5356 8847 3026 2724 2147 5138 3643 7535 5339 2072 6525 7679 8224 2276 2648 5182 4711 7662 8927 8386 1253 6931 9814 6509 5947 7571 5222 8643 9524 4820 6760 5536 1061 5549 9960 126 3762 2629 1170 3095 4240 8684 2664 8157 483 2120 9874 3049 1937 9878 5764 4467 9228 2526 2959 3080 8882 8234 9052 6248 3056 4157 3422 9366 2826 7699 7485 5057 4410 3060 560 7432 4259 9539 7220 3911 2710 7555 6212 8143 3346 2313 9634 1017 5512 3853 2670 3506 9943 4464 5614 2469 8631 2919 1691 7921 3695 2652 6933 1470 3672 9787 2234 7260 3471 310 7049 6075 2258 3129 5971 919 4292 7323 8850 3461 1181 4178 3514 6807 5795 3469 6808 5988 4204 4528 9124 9339 4431 2374 3504 6957 2343 7484 2118 1090 2349 2049 7255 4615 1965 1268 678 3945 7625 7608 537 718 9865 2987 9148 4278 5580 8341 2493 2758 5428 1988 7822 4305 2663 5605 3639 6997 385 6029 544 5698 5880 3900 3758 8582 5588 4405 3919 313 5294 2620 4351 2096 2912 70 1361 8204 4017 5292 5211 3124 696 203 2408 6706 1591 1995 3702 4218 8265 1422 1672 5515 5793 85 1414 5022 2095 1276 8205 3476 8321 4926 9267 759 970 8436 9285 8499 7761 454 6745 5189 4921 5641 5566 5493 279 3567 9424 4062 1645 7796 1123 6443 7558 9894 8817 3746 2484 48 7022 9907 5868 9321 5001 2052 5912 2911 9135 6607 3511 5158 1294 2183 1944 6472 5061 4519 7293 9096 6120 2783 9104 504 1987 3413 7710 3999 4605 6287 5477 2612 3033 578 9190 7227 2913 751 8567 8727 2074 4875 5442 9776 246 3032 1354 2145 6597 6155 4527 6230 3146 1364 3980 5885 1627 2474 7092 3895 3003 634 4254 9542 4988 506 6180 7762 1009 7825 5934 7590 5068 2402 9130 4489 1486 5803 2078 3557 3179 8687 1685 7674 6197 1285 1343 3481 9024 3485 8630 6971 3678 3711 8385 7617 5429 5450 6924 5399 7054 1628 4360 1321 4055 887 1304 6920 2243 5385 6246 1398 5017 3881 7986 1309 7312 1240 5734 442 7193 6832 2272 6412 75 5774 7005 6288 1126 1367 6645 9346 2128 7478 9741 2837 1155 7637 545 429 4630 6099 3491 1616 2492 3089 4153 2696 564 8732 5446 5882 1655 5077 5043 914 839 9782 4572 836 495 9662 1663 4584 2494 6372 3541 8993 5805 5551 4456 2151 8957 5421 35 3733 9247 625 7011 3877 4509 6265 8830 2214 9703 4715 3947 6214 1108 509 2701 425 9863 6178 6109 1955 5439 62 7660 7427 6329 3446 9303 1907 2986 4961 6177 8443 556 4655 3641 3935 1224 524 7983 4817 8108 1449 8696 8612 2555 5112 7734 1208 7948 4255 7830 2190 3256 4057 1057 8111 688 9929 61 7270 6158 8531 7792 4246 1686 6683 1620 4190 3097 9944 9368 112 7520 3207 749 3072 5819 2808 5958 283 1736 2160 1677 2127 4404 8229 2750 8800 1967 7857 6324 6934 9830 2533 9329 8180 256 7355 1150 7886 762 6621 8331 1338 4920 1236 1277 8242 6286 1453 4634 2681 3642 5272 3674 6670 2781 4291 9157 3329 4647 6428 6402 4427 2570 1296 9665 9692 3533 1158 2852 6017 6483 6091 9169 5075 941 8202 3210 3718 8487 7554 5221 6844 5673 9040 637 4024 2702 2857 8521 9609 1059 6452 5157 6666 3300 5769 8767 1231 2380 5697 952 9768 7521 3385 9677 8574 9744 4511 7592 4937 6677 4500 7091 5274 8936 7053 1711 1402 7727 8074 833 4847 712 5184 2342 7933 6220 8591 8228 5889 6239 9365 2712 4607 1234 9118 8011 3613 5336 2001 5461 4168 4379 4609 3141 648 3070 2947 6573 5607 2293 2775 1889 5456 5408 7801 2502 9608 8246 9419 7770 6646 6082 5464 9968 8568 1376 6067 1436 583 4682 1608 8853 2200 8667 683 8856 9018 7895 4386 6157 7663 142 8769 8950 9639 3055 588 1292 5760 1879 6980 9713 3811 4504 1935 7013 9397 9207 9028 5892 7066 9623 4608 8824 9021 3993 6681 6191 8088 8867 3534 1065 7522 6797 9614 5939 1293 9796 293 5228 2566 7417 5961 30 7751 6546 419 4357 1516 8902 9322 7341 3784 2489 4005 2054 8938 8162 9498 5828 9548 5835 3458 2442 3441 4480 5548 2371 9361 2669 2772 1530 7648 6955 9347 479 3038 377 3295 7732 5214 8365 865 729 685 9973 4860 6262 8407 8249 1945 4132 7361 4232 3379 119 577 6161 3842 7450 4843 2602 3077 8446 8997 995 8009 7797 1824 2131 782 6544 6078 639 9821 7725 2539 3339 4713 9068 1964 1774 9541 6930 3423 3614 734 9328 9402 2490 9969 7840 8901 7446 4378 8876 536 1676 2436 4658 4911 3091 7039 3082 9314 8219 7922 9147 3719 6515 4324 9395 1573 5765 6445 2383 4356 5978 4199 7683 6009 5025 8841 6776 8979 5110 3805 2952 4297 7266 5055 3749 109 6626 2124 2094 9519 6995 5028 926 6110 4896 8930 4235 6166 2918 6046 4537 1359 5033 741 2929 9676 1649 6852 8252 9770 5256 3833 8303 5242 8485 6083 3660 6817 4633 8463 8799 5582 9151 6476 9847 2029 7409 2027 262 2207 7574 1141 6963 4361 1050 5954 6821 5692 372 6215 5683 9000 6270 6333 1882 5379 1278 3569 2496 2567 5636 4751 3433 7454 1442 6611 671 9520 5027 8439 1319 9264 4901 1415 1291 3134 8577 2448 346 4350 3167 7199 3298 4543 4930 771 4597 7107 8748 2315 2037 3566 3409 1716 9167 8190 5848 4415 6341 9013 1589 3116 9276 7889 4951 996 1966 3860 8313 7253 5289 9492 3673 8719 3238 2346 6813 9569 9205 7638 7334 8381 4559 7700 6502 360 6654 6593 460 5506 6902 983 8192 3508 4580 2649 2537 2464 824 8220 1245 9728 6305 1244 1932 7012 7030 354 3927 6351 1485 9261 9373 7977 5349 4942 1305 2633 3542 2833 9443 274 9465 170 8199 2419 2609 2108 1105 4236 2523 1095 5597 5219 1579 9376 7707 8588 3105 5940 3184 6651 2508 8563 5740 7943 1121 3576 9375 541 3587 5669 1862 3920 9061 1750 5820 4000 190 5646 2304 2562 1767 4110 5005 307 9669 448 5898 4881 4871 6406 1816 7386 8962 8297 2499 7714 6225 4691 2873 1264 7900 1433 6716 2117 9513 4635 8095 7720 8142 1894 3223 4946 2756 2688 618 7541 5500 698 6485 3509 7655 2180 7858 9133 6661 2915 9579 1046 461 5989 3162 8441 7171 8651 1684 5565 7919 2813 3500 8909 16 9642 2933 1681 4569 6317 3019 2317 1832 1533 5707 2678 2916 8121 571 1734 3083 7178 9490 9331 9511 7331 4971 6836 4286 6276 7111 7544 4535 7913 5528 4673 859 8910 636 5904 7143 1047 9300 4953 9086 5624 8077 2842 9302 5199 8955 8751 2945 5503 5177 5404 9884 1593 8164 4491 5263 9707 2705 5785 2303 1897 3755 2280 681 3269 5458 4388 6942 6652 3369 7004 3102 8579 7241 2541 5640 8172 1854 4131 1985 5919 5444 4022 8860 2972 800 3561 231 2694 4705 5432 100 9673 8656 2113 294 1850 254 4984 2692 7550 5897 1508 8112 4233 3034 4169 8970 4471 3593 9491 3036 9141 543 2221 8449 1543 6222 4143 6574 6322 998 2405 2083 5965 2802 4389 4642 6738 2339 1085 8127 2613 5334 6028 5634 3671 2228 3010 1298 7216 1610 3790 1347 3194 6168 1590 3251 3405 8928 8081 8427 492 1242 9620 4596 7618 5802 8590 897 4061 7461 9144 8942 7754 6591 4962 242 8821 5563 8896 356 8337 421 7502 9594 3786 197 287 2880 3806 5875 176 572 6581 906 3730 2365 8606 154 292 4837 6871 3380 4385 5015 1520 3292 8387 4409 1825 9570 6198 8893 6659 130 6564 2488 6883 6026 4093 6103 9472 3185 2236 1810 2845 2588 9231 8154 7791 99 7342 1316 5451 5465 113 8113 9606 3029 1211 3151 9433 6235 7310 6310 6929 3455 7371 2909 8038 6336 5462 2056 7116 6060 2425 8995 1751 7428 9131 7072 3362 5307 7422 6243 5147 2836 8335 9772 5846 1792 2245 8051 9113 9195 7251 7514 9175 4827 7681 9286 7002 6499 3632 4116 4989 1526 7883 8498 3085 3024 4570 2771 1455 6589 5990 3862 5171 2254 5270 6928 2743 4844 8013 6059 2485 7650 3164 9723 9127 3765 5980 8355 3559 5591 8131 4302 6753 8191 3161 4115 4525 6380 9876 1339 9413 5417 6344 3949 9842 7560 8634 774 5670 8039 7934 2740 8283 4326 6303 5163 1117 5724 9836 974 6751 7776 8690 4967 485 838 4931 1795 8495 6374 3285 2806 3217 9020 1092 3899 2181 3218 9786 1419 443 799 6494 3040 7359 4460 7819 1156 4074 7316 5738 8274 7845 8316 7810 9002 308 6179 2746 4129 2937 1345 7300 1143 2958 6918 3494 3257 9767 4775 187 9861 4621 6355 3092 5185 3459 798 5490 2348 3924 3004 5612 4436 1727 7785 7904 7335 4982 4573 7815 9515 4918 2457 4078 7773 742 155 1132 3621 8374 2605 1556 8136 2301 921 3262 6938 2631 8247 5576 891 1550 962 8729 6356 2658 6698 8346 5229 3826 326 9859 9803 4777 1555 5711 6130 591 9370 6438 9159 1617 3607 6066 9164 8864 9538 8682 9537 3668 5831 9769 6629 854 3173 2754 6896 3634 4825 5220 7019 2162 3917 2174 512 4721 2438 4293 9405 3615 8158 7779 3448 9572 7387 8819 7671 1828 2045 9872 6408 3601 6940 1906 2431 1688 6524 2608 2197 3764 518 1547 9307 5146 9640 1391 7161 2020 5656 4064 1957 5240 6381 2659 2318 7893 939 276 2707 4900 137 7758 6958 7622 2628 1066 898 4106 6633 7506 342 7470 720 3525 1658 1075 196 9834 4602 9350 2984 9428 8357 2853 9817 4284 1081 9517 265 1377 7445 1429 467 2819 4628 1522 5757 6978 2148 3798 4452 1216 6441 7526 1016 1563 507 1187 7424 2107 7494 8829 1454 4905 5387 5832 9942 3322 1845 6946 7687 6867 2195 3968 3053 1806 6785 3752 8933 2028 6462 7191 7991 2062 9053 770 1153 2414 5092 8056 3858 6915 8983 7183 8352 6477 1694 311 7953 7324 4170 6638 1778 7370 2978 7378 6981 8744 6872 3264 4672 3457 4289 3941 6855 441 7854 8377 7225 7163 5598 1624 2821 6676 6089 4983 2511 511 6133 7339 6432 5648 2996 8657 2018 9435 4432 1732 9475 1737 5642 9965 5539 5924 1606 8724 6903 7273 3884 9881 9162 9937 1405 4065 9045 2439 3539 172 2006 6925 9584 4972 848 1612 3149 9209 7505 8692 5059 4060 1288 1424 9330 474 1745 3563 7364 9185 9775 6038 4495 3228 8238 1669 5296 4135 9844 6740 7620 9554 6673 9953 1474 6826 8015 601 4342 6032 1401 3741 9795 9860 2733 9393 9961 6804 3658 987 1392 7380 8542 7924 2401 6267 4725 9585 5231 5780 6908 4728 4818 1972 6500 8872 1568 1549 5156 1247 5900 7271 1690 7268 4749 2347 785 5736 8168 3464 8232 6403 2319 3271 940 1682 8423 7356 6789 317 3669 5072 8951 6169 3442 6553 3315 6254 8921 7439 2617 1205 7888 6754 6450 8570 5492 2538 3960 8388 1515 4049 4681 3627 7647 6097 6916 9916 5952 9384 9829 5572 9598 4858 5686 7333 9716 937 1146 1497 6569 9403 2951 8198 6266 7709 7179 9095 7396 9161 6658 3416 9025 8811 7610 7118 8986 5473 5467 7708 4985 1665 6167 9485 3110 716 9689 8431 3016 9048 316 7043 6511 359 584 5205 4555 2101 3923 2560 2203 8906 8408 9661 2695 7553 8786 5584 397 4188 4271 3106 4950 9334 1956 9212 7835 8505 9636 4311 343 2917 3724 2683 4515 641 3388 6470 4540 2326 3272 2574 7957 1406 5775 6891 8827 876 9059 2970 8359 7231 6444 1491 871 6484 8444 3773 5583 938 4257 535 3143 4280 5069 4990 8256 6766 2463 669 3996 5968 8809 3463 1924 7448 4566 1262 8284 8604 404 8717 8836 8281 3948 2992 2751 1281 3535 95 7313 9238 6970 4625 201 476 3732 8828 4437 9008 1124 4586 8863 8668 6758 5956 7549 7557 2231 8240 595 3502 6578 9236 33 9260 3768 9595 5420 6137 8354 2057 3324 2989 436 3197 9437 1344 580 5019 7102 8061 2921 9928 8183 1254 7349 1839 5378 670 8062 2721 3395 5781 7531 7085 5498 869 1394 7530 2135 6453 2886 7659 5593 7831 7890 9691 7607 8771 7190 6369 4 1597 5761 301 4960 8094 6410 6437 374 9555 3633 5121 988 1807 3616 6718 963 9978 1538 4226 690 5127 5716 277 6272 585 5247 936 3447 5722 1472 379 1006 174 3583 6014 9976 9831 9280 8174 1418 3175 8197 2704 6862 8426 8897 9030 1689 3983 6084 9918 8306 6142 7412 8312 5800 5482 2452 6474 4518 6491 9699 2441 5685 9392 7942 2878 1259 4796 7388 4618 7566 8967 2297 8703 6710 4315 6295 8098 2205 2213 2440 1800 701 9050 6497 1927 5579 4941 5096 4428 1790 8661 6227 1404 7472 3204 2866 9822 3882 843 8432 7141 8209 9792 9063 3974 9726 8289 5914 3523 4285 5169 1561 7357 5540 4130 8580 1534 5721 200 7320 4769 8308 1748 3933 1698 586 6582 1786 8693 105 1625 1979 6362 3178 5827 7239 3664 9215 2287 7062 9748 3255 8954 2253 6857 5 1594 691 4885 9993 490 7958 7873 532 2016 2879 7031 7677 1488 6321 188 6892 8245 1290 7084 5696 6616 9553 6244 7289 6312 3279 1968 8961 3540 97 8126 9601 9482 9036 8235 4804 77 4216 6843 9239 3558 1507 597 4551 3832 4478 4400 3253 7064 4470 2250 6231 5479 2416 9697 750 4531 5090 2990 5288 2033 5798 5660 4668 6416 6100 1375 6643 6400 286 6307 6968 3187 1551 3570 5489 6547 3967 9802 9962 2668 9263 1396 9899 2827 8319 9648 8677 7738 3479 1564 7979 599 4010 1849 3154 689 4263 7174 1662 9100 8155 5899 570 1027 1182 3704 8523 8412 6976 653 629 4737 1580 9740 1934 9057 3904 9363 8115 1097 3857 7711 3289 7917 6783 89 8834 514 7381 863 1400 2477 9977 2887 278 3470 1209 8084 1014 9757 4238 1930 3838 7430 1031 216 2065 4185 5627 7960 7511 4935 391 5953 6880 3254 5305 6956 3474 4712 9292 7524 9933 8173 1701 2734 2794 693 9458 6653 6456 8695 7848 4335 6008 328 2709 7748 6076 8339 1303 2126 825 8286 9657 9679 4603 3799 8569 5100 9099 505 1023 6 2184 656 4245 7296 8736 1393 437 3241 7675 1282 6383 4261 5054 8764 2843 6396 9603 531 4298 471 5755 9534 2495 5003 8186 7139 5325 7173 5871 8082 608 9306 7532 4768 5514 9192 8629 4998 9596 9659 9483 3337 4475 2400 6353 4838 1969 181 9806 7920 8632 4853 8167 7701 9501 3410 5794 5079 5058 5966 4892 9422 8261 8195 8343 5197 7185 8642 2975 8080 2202 383 7172 3431 1088 4784 619 4067 9453 6905 2520 1853 1875 2547 1030 2792 2994 4506 6571 1615 4916 2595 7864 1509 4638 8491 9925 1450 6139 2801 6221 9972 1263 5207 1673 7519 6296 1445 2687 2262 7418 3028 7606 5708 4717 4622 5188 2012 8822 102 9808 1204 1492 4221 90 1397 3575 6308 3735 3661 2737 984 1977 1503 212 5002 5814 3273 1440 6319 1190 5337 4165 9326 5455 4738 3952 3622 9451 7976 1417 4501 6625 3041 1490 4201 9739 6203 3249 4922 2015 7114 8262 4693 2377 2774 2316 375 7989 2323 5544 9889 5154 9892 2009 3655 1931 5860 1227 2087 4581 1496 6686 5611 2823 2534 219 5190 9407 9704 8032 3268 2665 7326 5139 4631 220 1705 6842 5082 8072 8137 687 1903 3128 7219 7750 8816 1611 5354 4001 8064 9801 3274 8543 3760 179 8442 1446 8513 5842 9227 6845 3646 5629 3579 964 7329 3415 260 870 6019 241 9649 2201 761 2475 7609 6292 7457 3683 793 8536 5759 8223 788 3429 5725 6404 8309 6866 9798 8745 3115 1469 6691 6249 9348 9909 2366 9459 6446 2295 6056 2545 1054 2242 5483 4095 8859 3797 9362 2030 6140 3425 3647 7804 2210 832 8367 3612 2680 7369 3822 2152 7898 7945 5890 9450 4056 2621 7278 8670 6906 1239 3078 9174 3981 7527 4685 493 2025 5111 5704 6530 5945 3152 8891 6551 63 22 7436 2557 1592 6792 5035 8789 290 5735 7912 2517 1353 9813 6187 5330 6021 6719 3528 4275 6642 8182 1991 861 802 7956 9948 3957 8237 1028 7075 6786 2142 344 7068 3902 8419 249 675 9658 114 975 8785 9950 280 2177 3814 332 3808 5538 5752 4620 1804 2298 9732 5693 756 7272 1063 4812 5391 6648 4059 168 9438 86 7577 2264 9220 5478 5013 6185 3090 3690 6236 7742 6435 7569 2384 2386 726 4556 6556 4447 1772 6012 2653 1753 9136 9738 1131 5088 3914 6721 6870 38 2274 2834 7881 4329 4700 9926 8989 1233 4370 8731 1069 123 3571 9530 4482 2353 1722 1119 1801 2641 3465 6143 2831 9923 4212 9006 7197 7551 1793 3761 2285 7682 7584 9536 5718 7586 3246 80 6277 3896 198 596 9936 2646 7423 1911 6728 6610 796 9354 4377 5124 2273 49 7936 6549 3756 9996 4639 9230 4215 9279 3048 2208 981 1463 2936 9249 8468 7599 9827 2336 9476 8048 3662 6395 9360 9093 8900 3813 7274 9869 4098 1421 9119 8358 449 9995 3319 2597 3288 6768 266 7098 1919 4665 2981 98 2759 5311 3698 3062 9752 4476 135 6869 2749 924 3196 3909 8001 4745 4595 6278 563 6534 6233 7284 8870 6022 2974 5951 6935 5251 2100 398 5684 8364 6495 8486 6431 3743 732 6141 5227 4407 211 8310 9461 7909 6469 8999 3568 4496 4612 777 5159 7459 4978 1943 6290 6260 2024 2325 4366 5431 3234 922 7906 3398 743 3728 1459 815 5321 4598 3802 414 1243 1712 5115 7736 7985 9171 4392 754 3430 1307 8413 6668 3686 6550 4616 9734 5433 6121 6284 7588 6696 6237 4035 7832 3600 7604 9593 6261 4151 6478 3284 6953 7021 7741 4547 3047 3548 2354 9464 8925 6274 15 4832 9353 6529 2373 3816 9470 3605 2478 5131 2331 25 9805 2677 3659 8557 3720 1602 7321 7048 6736 7593 5517 7115 2884 4343 1383 5245 2434 5508 8149 5118 8433 8674 8572 819 6052 4425 5313 171 1761 5133 358 753 3427 8866 5840 4794 663 7635 459 7632 2098 3240 163 1609 226 6665 2387 282 7731 2075 3015 9591 2828 2872 1914 4182 851 1771 367 2042 2163 9660 378 5661 2454 2888 8021 8608 4434 5348 5168 4601 877 9820 4006 1145 9417 6675 7136 3845 8501 117 1643 538 9981 3592 1324 9058 9695 6518 6749 9940 5777 8022 8502 1629 8278 8184 1439 2340 9256 9832 3929 
